[app/ui]
version = 8.0.4
modtime = 1591896706.469606600

[app/launcher]
version = 8.0.4
modtime = 1591896706.472606200
